numbers <- c(13, 3, 5, 7, 20, 2)